ALL 8 
rectangle_shape 200.000000 100.000000 4294967295 150.000000 120.000000 1.000000 1.000000
rectangle_shape 200.000000 100.000000 4294967295 150.000000 120.000000 1.000000 1.000000
simple_shape 100.000000 50 4278255615 350.000000 120.000000 1.000000 1.000000
simple_shape 100.000000 50 4278255615 350.000000 120.000000 1.000000 1.000000
simple_shape 100.000000 4 16711935 550.000000 120.000000 1.000000 1.000000
simple_shape 100.000000 4 16711935 595.000000 192.000000 1.000000 1.000000
composite_shape 2
simple_shape 100.000000 4 16711935 595.000000 192.000000 1.000000 1.000000
simple_shape 100.000000 50 4278255615 395.000000 192.000000 1.000000 1.000000
composite_shape 3
simple_shape 100.000000 4 16711935 595.000000 192.000000 1.000000 1.000000
simple_shape 100.000000 50 4278255615 395.000000 192.000000 1.000000 1.000000
rectangle_shape 200.000000 100.000000 4294967295 195.000000 192.000000 1.000000 1.000000
SELECTED
composite_shape 3
simple_shape 100.000000 4 16711935 595.000000 192.000000 1.000000 1.000000
simple_shape 100.000000 50 4278255615 395.000000 192.000000 1.000000 1.000000
rectangle_shape 200.000000 100.000000 4294967295 195.000000 192.000000 1.000000 1.000000
